model(start=3, end=54, lags=(-1, 2, -1), coefs=array([ 2.18728965+0.j        ,  0.79862477+0.07927495j, -0.00000000-0.j        ]), mse=0.0001543458281329664, r_square=0.98924369700932324)
model(start=55, end=97, lags=(-1, 2, 0), coefs=array([ 2.20683468+0.14653249j,  0.97929418-0.0064307j ,
        0.27518665-0.00587186j]), mse=0.0015016886609081589, r_square=0.87897646209310643)
model(start=98, end=290, lags=(2, -1, 0), coefs=array([-5.17610409-0.13160413j,  0.23937550-0.j        ,
        4.71566818-0.10757447j]), mse=0.0066237450671519709, r_square=0.8492568935225403)
